0 0.068109 0.404953 0.123397 0.356125
1 0.172276 0.408562 0.270833 0.243031
1 0.515224 0.548125 0.652244 0.642469
1 0.967147 0.367656 0.052885 0.190094
0 0.539263 0.116203 0.024038 0.077000
0 0.563301 0.127031 0.024038 0.074594
0 0.599359 0.135453 0.028846 0.048125
0 0.627404 0.142672 0.027244 0.048125
0 0.653846 0.148687 0.022436 0.040906
0 0.678686 0.146281 0.033654 0.064969
0 0.727564 0.145078 0.028846 0.072188
0 0.754808 0.141468 0.038462 0.089031
0 0.788462 0.151093 0.060897 0.074594
0 0.896635 0.151093 0.046474 0.074594
0 0.947917 0.153500 0.052885 0.093844
0 0.885417 0.147484 0.011218 0.115500