14 0.116370 0.726987 0.167887 0.198745
14 0.279550 0.623431 0.155335 0.158996
14 0.459205 0.572176 0.128661 0.161088
14 0.583159 0.713389 0.194561 0.154812
14 0.343881 0.352510 0.139644 0.094142
14 0.358002 0.166318 0.067469 0.073222
14 0.555701 0.307531 0.042364 0.092050
14 0.743985 0.338912 0.064331 0.112971
14 0.887552 0.422594 0.087866 0.075314
14 0.598849 0.344142 0.069038 0.098326
14 0.437238 0.167364 0.084728 0.066946
14 0.465481 0.310669 0.091004 0.052301
14 0.255230 0.329498 0.059623 0.098326