0 0.074484 0.598328 0.122419 0.664700
0 0.229351 0.641593 0.128319 0.660767
0 0.177729 0.210914 0.128319 0.235988
0 0.320796 0.242380 0.128319 0.279253
0 0.371681 0.716323 0.165192 0.515241
0 0.416667 0.552114 0.089971 0.505408
0 0.502212 0.635693 0.104720 0.586037
0 0.498525 0.293510 0.100295 0.302852
0 0.619469 0.194199 0.117994 0.198623
0 0.599558 0.611111 0.087021 0.619469
0 0.685841 0.777286 0.129794 0.397247
0 0.852507 0.735005 0.176991 0.418879
0 0.678466 0.404621 0.085546 0.285152
0 0.762537 0.329892 0.085546 0.359882
0 0.882743 0.354474 0.157817 0.298918