18 0.466038 0.790391 0.615566 0.419218
3 0.411792 0.744843 0.035377 0.194875
3 0.637618 0.795644 0.041274 0.163229
3 0.535613 0.689046 0.047170 0.216528
3 0.482547 0.719026 0.042453 0.239846
3 0.591038 0.564958 0.035377 0.148238
3 0.414151 0.614094 0.035377 0.073286
0 0.104009 0.685714 0.207547 0.503011
0 0.184198 0.648238 0.103774 0.391416
0 0.267335 0.574119 0.107311 0.346445
0 0.346344 0.529148 0.081368 0.233184
0 0.535024 0.478347 0.166274 0.201538
0 0.735495 0.484177 0.093160 0.216528
0 0.855778 0.709033 0.286557 0.516336
0 0.774410 0.624920 0.218160 0.468034
0 0.880542 0.444202 0.071934 0.136579
0 0.726651 0.478347 0.070755 0.201538
3 0.364623 0.834786 0.044811 0.171557
3 0.502005 0.577450 0.043632 0.149904