4 0.462500 0.285677 0.110849 0.194669
4 0.493750 0.123765 0.100236 0.196541
4 0.580425 0.159329 0.122642 0.132899
4 0.550943 0.305331 0.106132 0.215259
4 0.649410 0.312818 0.109670 0.256439
4 0.671226 0.183663 0.129717 0.155361
4 0.764976 0.339960 0.102594 0.288260
4 0.869929 0.383011 0.154481 0.247080
4 0.870519 0.231394 0.139151 0.149745
4 0.767335 0.225779 0.093160 0.164720
4 0.194222 0.355870 0.123821 0.196541
4 0.118160 0.500936 0.132075 0.325696
4 0.290920 0.431679 0.126179 0.142258
4 0.211910 0.570193 0.102594 0.292004
4 0.305071 0.626348 0.116745 0.299491
4 0.349292 0.468179 0.122642 0.114181
4 0.537382 0.733977 0.166274 0.353774
4 0.591038 0.586104 0.148585 0.263926
4 0.424764 0.664720 0.153302 0.338799
4 0.480778 0.495320 0.145047 0.262055