1 0.763208 0.292474 0.273585 0.206635
0 0.863443 0.475061 0.106132 0.279670
0 0.647641 0.494656 0.115566 0.301046
0 0.488443 0.503563 0.108491 0.276107
0 0.357547 0.470608 0.096698 0.228011
0 0.249646 0.465264 0.102594 0.252950
0 0.134080 0.442107 0.104953 0.245825
11 0.132901 0.521376 0.140330 0.190603
11 0.254363 0.526720 0.128538 0.201291
11 0.368750 0.545424 0.121462 0.188822
11 0.498467 0.552549 0.116745 0.178134
11 0.637028 0.561456 0.136792 0.188822
11 0.862264 0.561456 0.139151 0.195947
1 0.098703 0.363728 0.196934 0.384769