4 0.618599 0.743156 0.234300 0.314010
4 0.818478 0.619968 0.233092 0.431562
4 0.951932 0.673108 0.091787 0.286634
4 0.951328 0.452496 0.092995 0.132045
4 0.617995 0.383253 0.129227 0.177134
4 0.459179 0.363929 0.091787 0.103060
4 0.477899 0.545894 0.199275 0.309179
4 0.304589 0.360709 0.111111 0.186795
4 0.101691 0.619968 0.173913 0.344605
4 0.030435 0.770531 0.060386 0.252818
4 0.060024 0.388889 0.117150 0.185185
4 0.055193 0.496779 0.105072 0.156200
4 0.373430 0.423510 0.084541 0.183575
4 0.940459 0.294686 0.095411 0.196457
4 0.648188 0.410628 0.172705 0.399356