14 0.122288 0.580564 0.244104 0.233724
14 0.324528 0.615092 0.113208 0.146963
14 0.441863 0.662013 0.166274 0.325797
14 0.678891 0.808976 0.300708 0.378917
14 0.581014 0.590303 0.121462 0.086761
14 0.608137 0.685917 0.182783 0.100926
0 0.213090 0.692114 0.067217 0.304550
10 0.054481 0.364546 0.108491 0.084991
10 0.269104 0.384023 0.084906 0.102697
10 0.283255 0.133478 0.066038 0.037183
10 0.382901 0.346840 0.159198 0.205394
10 0.572759 0.347725 0.194575 0.246119
10 0.793278 0.370743 0.222877 0.306320
10 0.947170 0.345069 0.101415 0.081449
0 0.953656 0.324707 0.024764 0.047807