11 0.107729 0.537037 0.181159 0.165862
11 0.444082 0.557971 0.083333 0.149758
11 0.585386 0.615942 0.257246 0.294686
11 0.756280 0.535427 0.086957 0.236715
11 0.954831 0.512077 0.090338 0.257649
1 0.398792 0.504831 0.120773 0.191626
1 0.983816 0.648953 0.032367 0.357488
0 0.157850 0.518519 0.061594 0.270531
0 0.419324 0.455717 0.060386 0.148148
0 0.490580 0.408213 0.070048 0.117552
0 0.577536 0.428341 0.057971 0.128824
0 0.656039 0.577295 0.094203 0.420290
0 0.825121 0.524155 0.091787 0.333333
0 0.855314 0.463768 0.065217 0.225443