3 0.248092 0.669847 0.188295 0.209924
3 0.290076 0.587786 0.134860 0.148855
3 0.475827 0.738550 0.129771 0.190840
3 0.419847 0.644084 0.175573 0.204198
3 0.513995 0.613550 0.139949 0.204198
3 0.388041 0.505725 0.096692 0.095420
3 0.302799 0.453244 0.104326 0.112595
3 0.431298 0.447519 0.096692 0.097328
3 0.548346 0.457061 0.167939 0.303435
3 0.569975 0.399809 0.063613 0.085878
3 0.666667 0.419847 0.083969 0.255725
3 0.772265 0.406489 0.106870 0.198473
3 0.832061 0.356870 0.104326 0.145038
3 0.833333 0.305344 0.081425 0.103053
3 0.321883 0.354008 0.086514 0.085878
3 0.376590 0.325382 0.063613 0.082061
3 0.423664 0.302481 0.101781 0.127863
3 0.433842 0.220420 0.071247 0.051527
3 0.515267 0.271947 0.071247 0.078244
3 0.613232 0.250954 0.063613 0.078244
3 0.624682 0.200382 0.086514 0.064885
3 0.699746 0.261450 0.073791 0.057252
3 0.709924 0.214695 0.038168 0.051527