1 0.500000 0.535398 1.000000 0.778761
1 0.905605 0.782448 0.188790 0.435103
1 0.047198 0.263029 0.094395 0.245821
0 0.067109 0.096853 0.039823 0.094395
0 0.136431 0.105703 0.025074 0.100295
0 0.162979 0.105703 0.036873 0.088496
0 0.257375 0.094887 0.039823 0.110128
0 0.308997 0.104720 0.051622 0.074730
0 0.211652 0.103736 0.054572 0.088496
0 0.356195 0.076205 0.013274 0.025565
0 0.376844 0.058505 0.045723 0.041298
0 0.389381 0.099803 0.023599 0.084562
0 0.431416 0.102753 0.057522 0.082596
0 0.602507 0.112586 0.089971 0.110128
0 0.660767 0.106686 0.053097 0.165192
0 0.712389 0.175516 0.067847 0.318584
0 0.844395 0.164700 0.075221 0.281219
0 0.918879 0.214848 0.067847 0.267453
0 0.901917 0.373156 0.081121 0.147493
0 0.842920 0.363324 0.036873 0.104228
0 0.787611 0.329892 0.079646 0.151426
0 0.960177 0.159784 0.079646 0.200590
0 0.786136 0.153884 0.050147 0.216323
0 0.758112 0.154867 0.047198 0.222222
0 0.215339 0.331858 0.191740 0.155359
0 0.552360 0.316126 0.101770 0.175025