0 0.379794 0.595379 0.290560 0.556539
0 0.376844 0.253196 0.231563 0.473943
0 0.164454 0.156834 0.072271 0.293019
0 0.109145 0.171583 0.073746 0.298918
0 0.053097 0.141101 0.100295 0.265487
5 0.981563 0.944690 0.036873 0.110619
5 0.884956 0.913963 0.079646 0.104228
5 0.758112 0.918142 0.141593 0.163716
5 0.685103 0.937807 0.075221 0.124385
5 0.620206 0.947640 0.140118 0.104720
5 0.505900 0.938545 0.058997 0.094395
5 0.426254 0.975172 0.088496 0.049656
5 0.112094 0.971239 0.147493 0.057522
5 0.022861 0.956244 0.045722 0.086529
5 0.012537 0.694690 0.025074 0.114061