8 0.387168 0.665598 0.101770 0.291452
8 0.516962 0.620335 0.081121 0.293660
8 0.602507 0.583903 0.069322 0.264957
8 0.660029 0.541951 0.060472 0.247293
8 0.926254 0.641310 0.097345 0.273789
8 0.196165 0.450321 0.044248 0.170014
0 0.118732 0.522080 0.066372 0.494586
0 0.053097 0.448113 0.082596 0.457051
0 0.385693 0.434865 0.122419 0.430555
0 0.511799 0.455841 0.082596 0.388603
0 0.585546 0.453633 0.100295 0.300284
0 0.637906 0.400641 0.089971 0.260541
0 0.729351 0.421617 0.063422 0.324572
0 0.908555 0.467984 0.120944 0.381979
0 0.776549 0.368626 0.048673 0.275997
0 0.285398 0.349858 0.039823 0.211965
0 0.237463 0.355378 0.061947 0.223005
0 0.194690 0.316738 0.047198 0.105983
0 0.209440 0.210755 0.047198 0.079487