19 0.427729 0.397738 0.855457 0.707965
0 0.325221 0.101770 0.060472 0.068830
0 0.409292 0.115536 0.072271 0.080629
0 0.462389 0.140118 0.069322 0.078663
0 0.502950 0.149951 0.038348 0.066863
0 0.554572 0.174533 0.026549 0.068830
0 0.600295 0.183382 0.023599 0.066863
0 0.632743 0.203048 0.014749 0.066863
0 0.670354 0.198132 0.028024 0.064897
0 0.626106 0.448869 0.051622 0.082596
0 0.879056 0.464602 0.023599 0.058997
0 0.912979 0.458702 0.011799 0.031465
0 0.987463 0.449853 0.022124 0.060964
0 0.952802 0.449853 0.035398 0.068830