0 0.825221 0.567978 0.060472 0.259554
0 0.883481 0.572098 0.044248 0.234835
0 0.956490 0.576218 0.060472 0.214235
0 0.926254 0.554589 0.041298 0.261614
0 0.696165 0.627717 0.100295 0.395511
0 0.762537 0.569008 0.070796 0.216295
0 0.610619 0.557679 0.079646 0.135957
0 0.539086 0.648317 0.095870 0.358432
0 0.367257 0.648317 0.085546 0.407871
0 0.418879 0.634927 0.064897 0.319293
0 0.155605 0.632867 0.084071 0.265734
0 0.210914 0.581368 0.058997 0.199815
0 0.103982 0.682306 0.084071 0.319293
0 0.023599 0.665826 0.047198 0.356372
8 0.139381 0.767794 0.107670 0.222475
8 0.388643 0.773974 0.104720 0.197755
8 0.547935 0.748224 0.060472 0.191576
8 0.698378 0.743074 0.054572 0.205995