0 0.357670 0.718289 0.078171 0.314651
0 0.458702 0.747788 0.067847 0.251721
0 0.514012 0.742871 0.036873 0.143559
0 0.568584 0.719272 0.060472 0.159292
0 0.503687 0.633727 0.051622 0.110128
5 0.657080 0.531465 0.072271 0.098328
5 0.749263 0.381023 0.061947 0.100295
5 0.932153 0.428220 0.058997 0.112094
5 0.455752 0.514749 0.115044 0.068830
5 0.393068 0.414454 0.087021 0.060964
5 0.302360 0.412488 0.070796 0.049164
5 0.289086 0.441003 0.076696 0.055064
5 0.330383 0.485251 0.058997 0.072763
5 0.089971 0.520649 0.047198 0.116028
5 0.188791 0.498033 0.061947 0.070796
5 0.201327 0.675025 0.057522 0.125860
5 0.129794 0.670108 0.053097 0.068830
5 0.263274 0.520649 0.057522 0.068830
5 0.265487 0.614061 0.091445 0.066863