0 0.179204 0.540970 0.128319 0.555866
1 0.547198 0.620696 0.557522 0.436277
1 0.283186 0.406987 0.138643 0.124018
1 0.271386 0.294042 0.056047 0.031004
1 0.317109 0.294042 0.035398 0.017717
1 0.463864 0.287398 0.087021 0.048721
1 0.542773 0.285183 0.073746 0.048721
1 0.619469 0.285183 0.079646 0.044292
1 0.674779 0.287398 0.066372 0.044292
1 0.814897 0.290720 0.116519 0.068653
1 0.848820 0.299578 0.066372 0.055365
1 0.912242 0.297364 0.075221 0.073082
1 0.966814 0.302900 0.063422 0.075297
1 0.735251 0.288505 0.069322 0.055365