17 0.305310 0.579646 0.610619 0.143559
1 0.772861 0.863815 0.100295 0.082596
1 0.421829 0.939528 0.174041 0.092429
0 0.867994 0.963373 0.019174 0.073254
0 0.926991 0.961406 0.025074 0.077188
0 0.938053 0.821534 0.011799 0.072763
0 0.953540 0.820551 0.010324 0.066863
0 0.431416 0.967306 0.022124 0.065388
0 0.412979 0.964356 0.023599 0.071288
0 0.384218 0.978122 0.019174 0.043756
0 0.363569 0.977139 0.025074 0.045722
0 0.200590 0.964110 0.029499 0.066863
0 0.241150 0.978122 0.019174 0.043756
0 0.276549 0.953294 0.022124 0.045231
0 0.272861 0.911013 0.017699 0.031465
0 0.180678 0.893314 0.033923 0.074730