1 0.759916 0.953244 0.269786 0.093511
1 0.636538 0.937023 0.161214 0.068702
1 0.558399 0.923664 0.166149 0.103053
1 0.459697 0.933206 0.087187 0.057252
1 0.442424 0.916031 0.148053 0.099237
1 0.361817 0.933206 0.078962 0.064885
1 0.328916 0.922710 0.111863 0.070611
1 0.279565 0.917939 0.128313 0.068702
1 0.215408 0.919847 0.108573 0.061069
1 0.175927 0.912214 0.075672 0.049618
1 0.136447 0.910305 0.042771 0.038168
1 0.104368 0.900763 0.097057 0.064885
1 0.046792 0.899809 0.034546 0.032443
1 0.028697 0.892176 0.050996 0.055344