0 0.127581 0.581940 0.255162 0.748536
0 0.216077 0.435776 0.207965 0.434062
0 0.266224 0.318402 0.146018 0.279040
0 0.311947 0.321724 0.048673 0.090799
0 0.364307 0.278540 0.056047 0.101872
0 0.416667 0.306222 0.042773 0.077511
0 0.421091 0.244213 0.028024 0.050936
0 0.910767 0.644806 0.178466 0.710387
0 0.839971 0.609373 0.128319 0.781254
0 0.710914 0.412523 0.188791 0.440706
0 0.716077 0.193277 0.098820 0.294542
0 0.496313 0.188848 0.128319 0.201529
0 0.482301 0.289613 0.064897 0.137305
0 0.560472 0.323939 0.115044 0.259109