2 0.031119 0.519874 0.062238 0.194561
2 0.074791 0.518828 0.112971 0.221757
2 0.150105 0.542887 0.091004 0.182008
2 0.200314 0.593096 0.122385 0.232218
2 0.292103 0.632845 0.152197 0.278243
2 0.393305 0.686192 0.235356 0.284519
2 0.794979 0.828452 0.301255 0.343096
13 0.888337 0.537657 0.214958 0.259414
13 0.673379 0.492678 0.180439 0.219665
13 0.485879 0.451883 0.125523 0.192469
13 0.387029 0.433054 0.112971 0.138075
13 0.291318 0.418410 0.087866 0.133891
13 0.233264 0.404812 0.065900 0.115063
13 0.188546 0.396444 0.051778 0.110879
13 0.143044 0.395397 0.048640 0.133891
13 0.114801 0.382845 0.042364 0.075314
13 0.093619 0.385983 0.050209 0.089958