4 0.084808 0.489710 0.054572 0.137202
4 0.188053 0.609762 0.092920 0.178363
4 0.221239 0.865302 0.132743 0.243534
4 0.286136 0.592612 0.079646 0.137202
4 0.320796 0.786410 0.054572 0.133772
4 0.393068 0.791555 0.072271 0.137202
4 0.504425 0.729814 0.091445 0.185223
4 0.393068 0.570316 0.089971 0.147493
4 0.607670 0.812136 0.079646 0.123482
4 0.598820 0.357652 0.064897 0.195513
4 0.660767 0.364513 0.041298 0.188653
4 0.710177 0.297626 0.039823 0.185223
4 0.847345 0.186149 0.033923 0.216094
4 0.803835 0.242745 0.038348 0.178363
4 0.762537 0.266756 0.047198 0.192083
4 0.490413 0.422824 0.054572 0.168073
4 0.730088 0.628627 0.061947 0.133772
4 0.600295 0.577176 0.058997 0.092612
4 0.191740 0.328497 0.067847 0.178363
4 0.267699 0.361083 0.051622 0.099472
4 0.325959 0.465699 0.044248 0.075461
4 0.147493 0.469129 0.044248 0.089182
4 0.438053 0.421109 0.047198 0.102902
4 0.683628 0.782980 0.060472 0.140633
4 0.124631 0.311347 0.036873 0.171503