0 0.135983 0.667364 0.260460 0.577406
0 0.150889 0.581590 0.098849 0.217573
0 0.154812 0.512552 0.084728 0.225941
0 0.196391 0.451883 0.098849 0.225941
0 0.277981 0.470711 0.108264 0.217573
0 0.368201 0.461297 0.094142 0.173640
0 0.400366 0.551255 0.114540 0.274059
0 0.446653 0.486402 0.116109 0.219665
0 0.831851 0.687238 0.268305 0.566946
0 0.711036 0.675732 0.192992 0.502092
0 0.667887 0.558577 0.106695 0.355649
0 0.628661 0.508368 0.109833 0.322176
0 0.950837 0.622385 0.098326 0.370293
0 0.928347 0.535565 0.103556 0.267782
2 0.660826 0.739540 0.158473 0.370293
2 0.852249 0.802301 0.177301 0.391213
2 0.382322 0.731172 0.194561 0.361925
2 0.139906 0.814854 0.186715 0.353556
2 0.214697 0.667364 0.429393 0.493724